OBJECT NAME: 06478          

IAUNo. Sol.    X         Y         Z      VA_x    VA_y    VA_z    VSH_x   VSH_y   VSH_z
#0009   0   0.13668  -1.70245   0.76881 -23.736   1.265  -0.533  18.163 -11.124   5.803
#0153   0   0.19487  -1.68366   0.80555 -23.721   1.265  -0.533   6.635   9.621  -9.304
#0530   2   0.40370  -1.68206   0.71662 -23.640   1.260  -0.531   2.019   9.579 -21.498
#0506   2   0.49400  -1.66494   0.71177 -23.593   1.258  -0.530  14.051  10.406 -13.842
#0282   0   0.54143  -1.67183   0.62498 -23.563   1.256  -0.529  20.981  -8.479   3.230
#0506   0   0.60349  -1.63933   0.70385 -23.524   1.254  -0.528  15.126  10.684 -13.486
#0396   0   0.82412  -1.57071   0.68075 -23.350   1.245  -0.525  -0.965   6.756 -30.804
#0582   0   0.90558  -1.53927   0.66966 -23.273   1.241  -0.523   2.713  -4.096 -20.907
#0175   0   1.07659  -1.39309   0.68464 -23.062   1.230  -0.518   8.681   1.847   6.919
#0752   0   0.79526  -0.61093   0.83903 -22.928   1.222  -0.515  -1.323  36.291  -8.582
#0601   0   1.27779  -1.34752   0.59880 -22.823   1.217  -0.513   3.248  -4.027 -10.824
#0175   2   1.44531  -1.23369   0.55184 -22.561   1.203  -0.507   9.840   2.662   4.524
#0522   0   1.46575  -1.21569   0.54725 -22.525   1.201  -0.506  10.424   2.575   4.163
#0175   6   1.48349  -1.19515   0.54612 -22.490   1.199  -0.505  10.580   2.563   4.009
#0487   0   1.50046  -1.18240   0.48497 -22.442   1.196  -0.504  10.798   3.092  -1.663
#0922   0   1.56354  -1.04589   0.57411 -22.286   1.188  -0.501  13.326  -7.887 -20.540
#0462   1   1.62367  -1.04818   0.51275 -22.205   1.184  -0.499  13.815  -0.816  -0.951
#0175   5   1.62367  -1.04818   0.51275 -22.205   1.184  -0.499  13.815  -0.816  -0.951
#0175   4   1.63534  -1.04799   0.50118 -22.188   1.183  -0.498  13.756  -0.228  -0.257
#0462   0   1.63534  -1.04799   0.50118 -22.188   1.183  -0.498  13.756  -0.228  -0.257
#0829   0   1.67402  -1.04224   0.46701 -22.131   1.180  -0.497   7.950   5.325   5.977
#0219   1   1.70177  -1.00065   0.46414 -22.061   1.176  -0.496   5.450  11.437  -4.831
#1075   0   1.78257  -0.95590   0.39421 -21.906   1.168  -0.492  15.194  -8.868  -7.275
#0831   0   1.80115  -0.94601   0.36598 -21.866   1.166  -0.491   6.025 -15.664 -17.280
#0817   0   1.88161  -0.86203   0.31498 -21.673   1.155  -0.487  11.275 -13.591  -8.566
#0925   0   2.00267  -0.57476   0.35085 -21.230   1.132  -0.477  -5.934  23.618 -12.937
#0577   0   2.00739  -0.57381   0.31353 -21.205   1.130  -0.476  18.134  -5.549  -2.390
#0018   2   2.04886  -0.52248   0.29292 -21.094   1.125  -0.474   7.966  14.780  -3.319
#0219   1   2.05293  -0.53502   0.21843 -21.068   1.123  -0.473  -7.762   8.251  -3.485
#0263   0   2.02200  -0.51228   0.19521 -21.045   1.122  -0.473  -3.266  -4.372  -1.692
#0219   0   2.05170  -0.54027   0.17371 -21.051   1.122  -0.473 -10.677  20.985  -5.554
#0018   0   2.09881  -0.42825   0.33513 -20.954   1.117  -0.471   6.124  12.430  -3.483
#0094   1   2.11381  -0.38830   0.21773 -20.821   1.110  -0.468   4.683  -8.264  -2.709
#0714   0   2.11754  -0.40282   0.17716 -20.816   1.110  -0.468 -19.551  12.272  -7.985
#0202   1   2.15407  -0.29105   0.17794 -20.634   1.100  -0.464   5.092 -21.883  -6.942
#0173   2   2.18344  -0.22152   0.22392 -20.545   1.095  -0.462   0.957  -2.640  -1.969
#0289   0   2.21946  -0.13460   0.15740 -20.359   1.085  -0.457   0.814   5.631  -1.277
#0025   1   2.21548  -0.09721   0.06681 -20.250   1.080  -0.455  -8.250  14.237  -0.997
#0173   3   2.23688  -0.05413   0.13927 -20.222   1.078  -0.454   0.853  -1.754  -0.905
#0038   0   2.24213   0.00103   0.05760 -20.086   1.071  -0.451  18.122 -11.706  -2.618
#0096   6   2.24847   0.03071   0.04530 -20.032   1.068  -0.450   4.048  -5.444  -0.751
#1054   0   2.18188   0.00424  -0.06327 -20.024   1.067  -0.450  -0.682  18.884 -21.417
#0017   2   2.26594   0.10349   0.07038 -19.932   1.063  -0.448  -8.301  13.581  -0.974
#0017   1   2.27044   0.13415   0.05642 -19.876   1.060  -0.447  -9.494  13.271  -0.799
#0631   0   2.27412   0.14108   0.06684 -19.871   1.059  -0.446  -8.264  12.121  -0.829
#0096   2   2.26599   0.12771   0.00504 -19.855   1.058  -0.446   5.800  -6.912  -0.079
#0449   0   2.26639   0.13029   0.00396 -19.850   1.058  -0.446 -16.076  10.637  -0.287
#0017   5   2.27252   0.16930  -0.00909 -19.781   1.055  -0.444   7.262 -12.539  -0.113
#0630   0   2.28494   0.19347   0.07222 -19.793   1.055  -0.445  -7.128  11.479  -0.816
#0017   6   2.28691   0.21243   0.06954 -19.763   1.054  -0.444  -7.256  12.072  -0.833
#0449   1   2.27559   0.19743  -0.02399 -19.729   1.052  -0.443 -17.606  10.288  -0.127
#0212   1   2.27711   0.21049  -0.02943 -19.705   1.050  -0.443 -15.809  19.680  -9.118
#0288   0   2.24912   0.21652  -0.10590 -19.652   1.048  -0.442   0.086  -3.426  -0.870
#0126   0   2.28075   0.24530  -0.04395 -19.643   1.047  -0.441  -1.285  12.862  -0.530
#0628   0   2.26854   0.28394  -0.12616 -19.533   1.041  -0.439   7.477 -11.784  -1.529
#0286   0   2.27724   0.31775  -0.10165 -19.497   1.039  -0.438   2.796  -7.745  -0.871
#0126   0   2.34844   0.36531  -0.05115 -19.453   1.037  -0.437  -1.829  12.822  -0.528
#0637   0   2.27928   0.34777  -0.12203 -19.439   1.036  -0.437   6.830 -11.236  -1.413
#0237   0   2.29227   0.38137  -0.06542 -19.423   1.035  -0.436  19.550  -9.830  -1.308
#0625   0   2.28121   0.39415  -0.13690 -19.360   1.032  -0.435   5.533 -10.204  -1.457
#0154   1   2.29954   0.42830  -0.08745 -19.340   1.031  -0.434   2.456  -7.884  -0.819
#0133   0   2.28985   0.43721  -0.12428 -19.303   1.029  -0.434  11.043 -10.641  -2.866
#0286   1   2.29147   0.56083  -0.15877 -19.099   1.018  -0.429   3.754  -7.312  -1.423
#0212   0   2.28425   0.58540  -0.18664 -19.046   1.015  -0.428 -17.285  18.713  -9.128
#0267   0   2.29494   0.59350  -0.16826 -19.047   1.015  -0.428  -1.053   5.969  -1.118
#0212   2   2.28306   0.60048  -0.19300 -19.020   1.014  -0.427 -14.169  18.099  -8.371
#0212   3   2.28104   0.62332  -0.20265 -18.981   1.012  -0.426 -14.923  18.183  -8.145
#0097   0   2.27583   0.67217  -0.22329 -18.897   1.007  -0.425  -7.620   6.916  -1.272
#0841   0   2.26576   0.74516  -0.25419 -18.773   1.001  -0.422  24.536  -0.288  -3.971
#0382   0   2.03192   1.15529   0.50088 -18.581   0.991  -0.417   2.517  -0.438   5.018
  
 Explanation:
 IAUNo. - IAU number of meteor shower
 Sol. - its solution
 X, Y, Z - rectangular heliocentric ecliptical coordinates
           of asteroid in the moment, T_a, of its closest
           approach to the mean orbit of shower [au]
 VA_x, VA_y, VA_z - rectangular heliocentric ecliptical
                    components of the velocity vector of
                    asteroid in moment T_a [km/s]
 VSH_x, VSH_y, VSH_z - rectangular heliocentric ecliptical
                       components of the velocity vector
                       of meteoroid moving in the mean
                       orbit of stream in moment T_a [km/s]
